4.636934273094641124e-01
5.183866478116326837e-01
5.353429435402987657e-01
5.459685758524582821e-01
5.524043217991426724e-01
5.576495050486439675e-01
5.611820666609982355e-01
5.637878897972926628e-01
5.668173967478311592e-01
5.689134578294461342e-01
5.709983399194231701e-01
5.728842359432146925e-01
5.736052809562939281e-01
5.753782691581335040e-01
5.767286914437065315e-01
5.777638661442771051e-01
5.785967010778658715e-01
5.795525049325305211e-01
5.811142101773695279e-01
5.811678693406027163e-01
5.823360740516448919e-01
5.828558971999845406e-01
5.837189154131542379e-01
5.843114020136030984e-01
5.849329539939893685e-01
5.849586656769951709e-01
5.858854041496568410e-01
5.863638650233794491e-01
5.870301329752477537e-01
5.877288200021195674e-01
5.877008725184273974e-01
5.882978307171838894e-01
5.885437685490744197e-01
5.895420525746015716e-01
5.898830118443423309e-01
5.900506967301040184e-01
5.898047588964808741e-01
5.908186935118867611e-01
5.913530493499286056e-01
5.921445220136312138e-01
5.921143387340501718e-01
5.922149496651206713e-01
5.930992079691187469e-01
5.931506313342642667e-01
5.932054083954750867e-01
5.938839732368924595e-01
5.938291961756815285e-01
5.938146634837804250e-01
5.948207728018815033e-01
5.942852990657953027e-01
5.948766677644683476e-01
5.952690503998877558e-01
5.950085798778284030e-01
5.957586902686463626e-01
5.961141822290222381e-01
5.962718060219899252e-01
5.960448724759103145e-01
5.961901993771968611e-01
5.964584951960945070e-01
5.966239442815696181e-01
5.968810611106951658e-01
5.971169378523905058e-01
5.968229303469555491e-01
5.973293387065025106e-01
5.973751725733635887e-01
5.973796441738035146e-01
5.980962175860431440e-01
5.979766023668962038e-01
5.983779281968985009e-01
5.982493697858338733e-01
5.984662422378536073e-01
5.985020150114545023e-01
5.991056806052735828e-01
5.985948006483519102e-01
5.989581179054995763e-01
5.988709217632217641e-01
5.990900300163276571e-01
5.996847524152639775e-01
5.990822047220212276e-01
5.997462368710710923e-01
5.999776420145255251e-01
5.999731704196827886e-01
6.000100610925940270e-01
5.997898349415770047e-01
5.997261146829513390e-01
6.000983751337157779e-01
6.001319121084293107e-01
6.003063043921853525e-01
6.000637202554273131e-01
6.007579356870565990e-01
6.006204340801430952e-01
6.005835434054994648e-01
6.008954372949030232e-01
6.015650589432366413e-01
6.010541789849822569e-01
6.011939163925821283e-01
6.014230857358165983e-01
6.014800986002458716e-01
6.011715584055750128e-01
6.011123097477889532e-01
