1.155703834871366409e+00
1.060002195074909226e+00
1.027973946482193757e+00
1.009554548091026183e+00
9.974170552568615289e-01
9.889261992541518165e-01
9.815850878423230119e-01
9.758436552461716706e-01
9.707704133816902337e-01
9.668884333024103661e-01
9.628226440387703811e-01
9.601493717140127115e-01
9.572975359413604668e-01
9.549849212637070428e-01
9.523019925264685215e-01
9.503934723040893262e-01
9.485841135047929917e-01
9.464695292721552189e-01
9.446940985854005435e-01
9.431329809649925400e-01
9.418920701020647712e-01
9.404118965846104405e-01
9.388523571810688528e-01
9.380106296393355692e-01
9.366440782665228504e-01
9.351251536728246716e-01
9.343850487414222528e-01
9.329955795961489828e-01
9.322295316316828728e-01
9.315345514745300148e-01
9.304306193379213719e-01
9.293040574996559444e-01
9.285785014287395445e-01
9.271766530635003889e-01
9.263178138858391142e-01
9.256202816360176167e-01
9.249583888216609262e-01
9.241361733587855065e-01
9.232096611268411079e-01
9.224550971448769454e-01
9.220742560983109515e-01
9.212526927591639936e-01
9.205024075160165298e-01
9.201661394826702312e-01
9.195117150185287969e-01
9.187818794525891564e-01
9.183815295364284870e-01
9.180985720690132412e-01
9.172894440292449492e-01
9.170928612971511740e-01
9.164106418079687177e-01
9.164713861113962245e-01
9.157925547027168101e-01
9.153597618305817640e-01
9.149385211104025251e-01
9.142835405488880518e-01
9.141115581589429606e-01
9.135367664136126997e-01
9.131603080951411489e-01
9.132000524670801367e-01
9.125367207983243745e-01
9.123280724936901898e-01
9.121368601645112317e-01
9.116873215699379251e-01
9.115549744015403189e-01
9.111478906549421719e-01
9.108217236578007858e-01
9.102275989087443842e-01
9.099537233151017146e-01
9.098541577708147976e-01
9.094901645285576874e-01
9.091746804438439744e-01
9.089379846781519001e-01
9.085687903419278344e-01
9.084940535298549058e-01
9.080356881185618345e-01
9.079916712181739236e-01
9.075685719982712341e-01
9.075346613235871773e-01
9.070342918131216736e-01
9.067427103131121546e-01
9.065478946205433042e-01
9.063666536220759129e-01
9.061057877461828891e-01
9.058980161902352446e-01
9.056650385220852417e-01
9.052473107572165389e-01
9.050813625002741558e-01
9.049448179637095135e-01
9.049560120131769914e-01
9.046463531511955702e-01
9.039693578671514906e-01
9.040724878151720212e-01
9.037242449690484625e-01
9.035205680074908097e-01
9.034077942494304070e-01
9.033221670759655764e-01
9.034736781847468867e-01
9.031007291889432409e-01
9.028796342653551132e-01
